=AVERAGE(8474520,8467854,8484706,8465738,8465840)*1000/3700000000
=AVERAGE(17011674,17007462,16992182,16978654,16990196)*1000/3700000000
=AVERAGE(25519678,25561434,25514328,25569212,25547200)*1000/3700000000
=AVERAGE(34114130,34132648,34123384,34144874,34127192)*1000/3700000000
=AVERAGE(42892328,42846904,42760158,42852522,42775950)*1000/3700000000
=AVERAGE(75806634,64638598,64607086,64563346,73308686)*1000/3700000000
=AVERAGE(73621640,74771974,73642254,73945918,73972384)*1000/3700000000
=AVERAGE(83866476,83135808,82785392,82772714,82945260)*1000/3700000000
=AVERAGE(122224048,109203822,115923126,92273142,91942908)*1000/3700000000
=AVERAGE(117372794,101384926,101497512,101661000,111418574)*1000/3700000000
=AVERAGE(113189626,114380596,114389438,112897932,112536754)*1000/3700000000
=AVERAGE(157766754,179229966,164348326,154998808,179000064)*1000/3700000000
=AVERAGE(226356120,593274872,243043252,223333948,223489806)*1000/3700000000
=AVERAGE(295921532,300255028,293282128,300207396,274699506)*1000/3700000000
=AVERAGE(336814302,338202790,315297686,342593752,314676552)*1000/3700000000
=AVERAGE(350033302,355084840,349235310,349067588,355617406)*1000/3700000000
=AVERAGE(382388342,391721070,382180766,389506158,382046422)*1000/3700000000
=AVERAGE(414369936,415206752,414303966,415475776,414079544)*1000/3700000000
=AVERAGE(447484554,452431020,445274468,445280312,448995078)*1000/3700000000
=AVERAGE(480020844,476272686,480398754,476075500,481521360)*1000/3700000000
=AVERAGE(506435200,508304972,505932278,510161046,505965094)*1000/3700000000
=AVERAGE(538825622,536122246,540560628,537861702,541074272)*1000/3700000000
=AVERAGE(586506088,579107004,589455010,566389024,574075914)*1000/3700000000
=AVERAGE(595744626,596761246,596049410,595447152,600169746)*1000/3700000000
=AVERAGE(625205898,630267918,625505770,625466746,625341056)*1000/3700000000
=AVERAGE(663620102,654724446,654511250,661670702,654895148)*1000/3700000000
=AVERAGE(687515666,687098574,689890208,683974518,691159802)*1000/3700000000
=AVERAGE(716718530,713859056,714311072,713585762,713953338)*1000/3700000000
=AVERAGE(743756834,743639606,747094810,743062200,742682688)*1000/3700000000
=AVERAGE(787569276,787313140,795888102,801380502,796418814)*1000/3700000000
=AVERAGE(821088934,804245792,810796738,810577212,886476332)*1000/3700000000
=AVERAGE(832279468,836836190,836220342,837401612,834210818)*1000/3700000000
=AVERAGE(865660988,858909798,860123296,867261714,866152116)*1000/3700000000
=AVERAGE(903239364,909894120,889190360,918886914,933218964)*1000/3700000000
=AVERAGE(922970852,919682798,924265596,917648936,916967020)*1000/3700000000
=AVERAGE(948258128,947271438,946786240,946463074,952895298)*1000/3700000000
=AVERAGE(982812012,982275278,980402874,974695826,977232010)*1000/3700000000
=AVERAGE(1009680422,1007107484,1003746868,1004714168,1007667370)*1000/3700000000
=AVERAGE(1041005322,1038530146,1033818516,1032731396,1032402334)*1000/3700000000
