=AVERAGE(8485372,8463364,8463856,8468380,8469654)*1000/3700000000
=AVERAGE(16999754,16979502,16995118,16995418,17028744)*1000/3700000000
=AVERAGE(25566668,25591746,25554390,25557272,25591120)*1000/3700000000
=AVERAGE(34119176,34131172,34139884,34197812,34104918)*1000/3700000000
=AVERAGE(42975104,42960554,42924000,42925806,42880300)*1000/3700000000
=AVERAGE(65784916,67177392,65456430,67084020,65859860)*1000/3700000000
=AVERAGE(76195578,74474222,74261920,79203502,74952370)*1000/3700000000
=AVERAGE(82648146,82102116,83382084,84873334,84859498)*1000/3700000000
=AVERAGE(92524574,95945722,94759432,97040598,92419386)*1000/3700000000
=AVERAGE(101570996,104310158,104277286,106744078,104345460)*1000/3700000000
=AVERAGE(113856362,123319144,117153270,118820326,117582476)*1000/3700000000
=AVERAGE(163332558,154320450,163804944,161173174,165138320)*1000/3700000000
=AVERAGE(227758718,228724156,224373558,226916540,229220478)*1000/3700000000
=AVERAGE(279022824,277228086,279191230,278149550,278555864)*1000/3700000000
=AVERAGE(314643538,314995186,315023394,315414250,316666228)*1000/3700000000
=AVERAGE(352788592,351445038,351185450,353274954,349275232)*1000/3700000000
=AVERAGE(384104600,383694434,384290574,384761200,383070480)*1000/3700000000
=AVERAGE(417739568,416815772,415605686,415951930,416417984)*1000/3700000000
=AVERAGE(445993874,445887614,446062880,446282978,447507220)*1000/3700000000
=AVERAGE(476136828,477617324,476560234,477416492,476152262)*1000/3700000000
=AVERAGE(505285104,507910016,507367902,509353894,508406782)*1000/3700000000
=AVERAGE(537861512,538897574,537919932,539778936,538257732)*1000/3700000000
=AVERAGE(567034676,565741646,567167814,566775986,565205986)*1000/3700000000
=AVERAGE(597591116,594783116,596868560,597289120,595764136)*1000/3700000000
=AVERAGE(627662098,625417086,624626204,627045280,625965822)*1000/3700000000
=AVERAGE(656862884,657363744,657333008,656076192,656362680)*1000/3700000000
=AVERAGE(685844438,685566760,684992558,685555256,686028586)*1000/3700000000
=AVERAGE(714435292,714474616,714718296,713886776,715325996)*1000/3700000000
=AVERAGE(743762502,742430260,744796666,743846362,743654820)*1000/3700000000
=AVERAGE(775265776,772825024,774171650,772805288,774376936)*1000/3700000000
=AVERAGE(802637938,802354460,801440156,801718740,801851644)*1000/3700000000
=AVERAGE(831619584,830544670,830853764,831539380,830686386)*1000/3700000000
=AVERAGE(861246908,860680304,861909408,859927970,861153574)*1000/3700000000
=AVERAGE(891661138,890805828,890367360,889329338,889027826)*1000/3700000000
=AVERAGE(918374906,919134734,917924390,918712926,917912942)*1000/3700000000
=AVERAGE(947344926,946896290,947587732,946671280,947656334)*1000/3700000000
=AVERAGE(976338162,975598812,975930800,975258250,977649372)*1000/3700000000
=AVERAGE(1004908716,1005774668,1005783812,1006508750,1005842466)*1000/3700000000
=AVERAGE(1035222108,1033275954,1033773898,1034048878,1035567852)*1000/3700000000
