=AVERAGE(3432730,3303442,3250820,3297738,3265356)*1000/3700000000
=AVERAGE(6898938,6614534,6338268,6531574,6503004)*1000/3700000000
=AVERAGE(10207364,9961372,9981854,10111770,9580518)*1000/3700000000
=AVERAGE(12550096,13063560,13181512,13052458,13009596)*1000/3700000000
=AVERAGE(16264052,16131622,16293808,16236162,16395862)*1000/3700000000
=AVERAGE(18638728,19534544,18788024,19472074,18826342)*1000/3700000000
=AVERAGE(22900098,23014200,22871854,23069170,22725256)*1000/3700000000
=AVERAGE(25091682,26127238,25995792,26214382,25243440)*1000/3700000000
=AVERAGE(29387444,29344804,29449386,29892982,29298710)*1000/3700000000
=AVERAGE(30974754,30772624,30653438,30656034,30942632)*1000/3700000000
=AVERAGE(34954054,34485382,35767798,34535608,35434402)*1000/3700000000
=AVERAGE(39221232,39047390,38932310,39033040,38971020)*1000/3700000000
=AVERAGE(42223598,42292210,42480820,42226672,42197384)*1000/3700000000
=AVERAGE(44062000,44602524,45515554,45736314,45513946)*1000/3700000000
=AVERAGE(48757412,48717088,48739938,48718302,48732744)*1000/3700000000
=AVERAGE(51711246,52556784,52135120,51976440,52371736)*1000/3700000000
=AVERAGE(55135812,55478326,55028956,55203036,55039256)*1000/3700000000
=AVERAGE(58543380,58544062,58555908,59000952,58404720)*1000/3700000000
=AVERAGE(62194750,61825822,61795158,61708302,61865726)*1000/3700000000
=AVERAGE(62731084,65450754,62469718,64073550,63723084)*1000/3700000000
=AVERAGE(65043424,64694992,65836440,68501424,68205704)*1000/3700000000
=AVERAGE(70893182,71577046,71340310,71703602,72287224)*1000/3700000000
=AVERAGE(75013162,75176032,74799790,74908874,74751046)*1000/3700000000
=AVERAGE(78086944,77785042,78144430,78130766,78372846)*1000/3700000000
=AVERAGE(81545882,81445122,81576894,80450964,81381848)*1000/3700000000
=AVERAGE(84753726,84309174,84455880,84793390,84339666)*1000/3700000000
=AVERAGE(85782008,86179724,87837674,86347046,86739218)*1000/3700000000
=AVERAGE(91371852,89687426,91351152,90700504,90929818)*1000/3700000000
=AVERAGE(94722512,94569144,94182552,94574710,94702988)*1000/3700000000
=AVERAGE(92051236,95683272,97593874,97511030,97722786)*1000/3700000000
=AVERAGE(97900462,98074924,98385782,100690726,100361764)*1000/3700000000
=AVERAGE(104390738,104145906,103961300,103788392,104387432)*1000/3700000000
=AVERAGE(107475016,106948724,107336468,107129948,107865014)*1000/3700000000
=AVERAGE(108841708,110974606,106732988,110439132,106555672)*1000/3700000000
=AVERAGE(113311610,114099166,113704342,113760558,114044812)*1000/3700000000
=AVERAGE(116869976,116308232,116968446,116844822,117815114)*1000/3700000000
=AVERAGE(120470992,120414674,120179136,120132930,120423122)*1000/3700000000
=AVERAGE(123749908,118758496,116928132,116453138,122823316)*1000/3700000000
=AVERAGE(126343916,126650744,126792152,126795224,126188714)*1000/3700000000
