=AVERAGE(3066556,3066858,3066902,3066242,3069678)/3700000000
=AVERAGE(6179976,6131370,6130214,6128172,6129724)/3700000000
=AVERAGE(9195612,9199456,9192410,9195868,9196962)/3700000000
=AVERAGE(12261294,12261402,12260254,12260916,12263312)/3700000000
=AVERAGE(15325912,15329528,15327698,15324588,15320298)/3700000000
=AVERAGE(18379232,18376772,18381254,18383186,18380752)/3700000000
=AVERAGE(21447810,21445746,21443262,21444748,21444344)/3700000000
=AVERAGE(24506136,24509088,24509140,24506024,24509904)/3700000000
=AVERAGE(27570704,27571444,27569138,27564064,27570274)/3700000000
=AVERAGE(30637652,30637148,30627562,30630506,30634344)/3700000000
=AVERAGE(33691810,33687024,33689920,33695104,33691590)/3700000000
=AVERAGE(36754634,36754246,36756618,36755294,36760206)/3700000000
=AVERAGE(39820662,39824894,39818142,39823938,39822498)/3700000000
=AVERAGE(42882790,42879988,42881604,42882140,42890774)/3700000000
=AVERAGE(45945290,45949122,45940540,45950056,45942962)/3700000000
=AVERAGE(49003520,49005604,49001444,49003694,49001598)/3700000000
=AVERAGE(52065790,52068270,52072324,52082762,52070012)/3700000000
=AVERAGE(55147200,55136844,55135990,55135018,55136310)/3700000000
=AVERAGE(58203388,58202522,58194192,58199888,58190598)/3700000000
=AVERAGE(61262492,61256670,61256274,61260232,61264050)/3700000000
=AVERAGE(64317094,64331046,64326566,64329102,64330942)/3700000000
=AVERAGE(67382300,67387470,67400266,67386144,67379730)/3700000000
=AVERAGE(70448772,70442792,70447304,70450042,70445256)/3700000000
=AVERAGE(73506352,73515110,73517350,73505724,73509396)/3700000000
=AVERAGE(76569140,76643942,76573806,76571654,76575384)/3700000000
=AVERAGE(79632108,79644194,79628396,79632088,79638178)/3700000000
=AVERAGE(82691572,82689862,82698068,82697970,82698380)/3700000000
=AVERAGE(85765726,85759162,85749422,85766832,85760602)/3700000000
=AVERAGE(88823680,88828192,88812908,88822464,88826740)/3700000000
=AVERAGE(91880898,91879254,91900310,91895686,91880468)/3700000000
=AVERAGE(94948200,94948804,94949606,94933948,94943232)/3700000000
=AVERAGE(98018628,98004250,98014228,98010858,98009672)/3700000000
=AVERAGE(101076878,101066190,101073780,101077308,101074020)/3700000000
=AVERAGE(104125854,104144882,104135278,104131730,104148384)/3700000000
=AVERAGE(107196168,107192296,107204242,107186788,107197604)/3700000000
=AVERAGE(110266054,110257876,110260488,110252366,110262756)/3700000000
=AVERAGE(113316496,113331736,113320104,113329364,113323440)/3700000000
=AVERAGE(116384054,116384252,116375636,116385686,116387856)/3700000000
=AVERAGE(119446524,119456272,119450532,119455184,119463036)/3700000000
