=AVERAGE(8986336,9041452,8983312,8961270,8945314)*1000/3700000000
=AVERAGE(18254988,18716824,18679584,18844178,18681664)*1000/3700000000
=AVERAGE(46988598,52658684,57825140,48232606,51561862)*1000/3700000000
=AVERAGE(140234330,143395320,142610078,143632416,140973392)*1000/3700000000
=AVERAGE(196853294,196626344,196269324,198338620,198379386)*1000/3700000000
=AVERAGE(235886082,251911188,251447458,239934720,251014430)*1000/3700000000
=AVERAGE(299712408,293628446,299662098,299560822,299414802)*1000/3700000000
=AVERAGE(323097502,325071418,349171278,349137722,340762796)*1000/3700000000
=AVERAGE(382970686,308297580,349950248,391210250,399609516)*1000/3700000000
=AVERAGE(450141340,445840386,450228884,449768680,450273782)*1000/3700000000
=AVERAGE(500507556,499822204,500528430,500474604,501105348)*1000/3700000000
=AVERAGE(516364788,512861926,524510382,512928592,545642186)*1000/3700000000
=AVERAGE(601780964,599358706,602850724,603249302,603202836)*1000/3700000000
=AVERAGE(654072146,645662774,653879820,648352738,654388084)*1000/3700000000
=AVERAGE(702513138,705293970,698193528,704925688,697281126)*1000/3700000000
=AVERAGE(756713522,755225492,748114026,756523822,742408588)*1000/3700000000
=AVERAGE(806103530,803281118,807849960,799600514,745541126)*1000/3700000000
=AVERAGE(584069248,886283238,857884336,850901216,852024402)*1000/3700000000
=AVERAGE(907361446,910270112,909882752,907976886,904166996)*1000/3700000000
=AVERAGE(960207050,955355982,960814968,960014434,956022224)*1000/3700000000
=AVERAGE(1013396628,1012457940,1009706198,1003134018,1012453514)*1000/3700000000
=AVERAGE(1058234478,1061366988,1059075494,1047412924,1058074796)*1000/3700000000
=AVERAGE(1109073814,1112826190,1115439782,1108789914,1114334622)*1000/3700000000
=AVERAGE(1164070856,1164451542,1164438272,1165877616,1165522764)*1000/3700000000
=AVERAGE(1216496422,1215616886,932049074,1174322896,1207913646)*1000/3700000000
=AVERAGE(1265752508,1264949212,1262287912,1254518174,1250755196)*1000/3700000000
=AVERAGE(1303623710,1315111916,1317218554,1317506498,1317734176)*1000/3700000000
=AVERAGE(1253658238,1316318014,1273134666,1249463844,1342900924)*1000/3700000000
=AVERAGE(1394116376,1323013402,1408117436,1408981988,1405577316)*1000/3700000000
=AVERAGE(1467375590,1464317056,1459246130,1462259470,1450582278)*1000/3700000000
=AVERAGE(1516744890,1516218548,1508143884,1510776582,1518306254)*1000/3700000000
=AVERAGE(1566839916,1105663652,1596707514,1566486822,1555390970)*1000/3700000000
=AVERAGE(1616564308,1615874200,1614537822,1619164536,1607331486)*1000/3700000000
=AVERAGE(1662957658,1644034952,1657111372,1597944846,1647367922)*1000/3700000000
=AVERAGE(1612160814,1572940786,1511007378,1606938654,1710541208)*1000/3700000000
=AVERAGE(1574212882,1569818686,1723370642,1772446212,1763843784)*1000/3700000000
=AVERAGE(1810639084,1809049936,1814233356,1805714076,1812929440)*1000/3700000000
=AVERAGE(1860060492,1812025000,1352275794,1740579056,1866688548)*1000/3700000000
=AVERAGE(1916134988,1916131754,1904149242,1915270156,1901409282)*1000/3700000000
