=AVERAGE(8464590,8453504,8457714,8452352,8454768)/3700000000
=AVERAGE(16972198,16962760,16970256,17038008,16997044)/3700000000
=AVERAGE(25464676,25531488,25588680,25551852,25605304)/3700000000
=AVERAGE(33965794,34159362,34136020,34138554,34060604)/3700000000
=AVERAGE(42630738,42889316,42714262,42828644,42823272)/3700000000
=AVERAGE(68124946,67374970,67199610,67236526,68086390)/3700000000
=AVERAGE(76292950,76599920,78393262,77521292,78205022)/3700000000
=AVERAGE(87752178,87858764,86928114,86880336,86550094)/3700000000
=AVERAGE(97446942,96465440,97298806,98805872,98610826)/3700000000
=AVERAGE(109007758,107317002,106700350,105991952,109430920)/3700000000
=AVERAGE(122325406,122193374,123072946,123432886,120970004)/3700000000
=AVERAGE(176027682,170822776,169366690,171222980,170930018)/3700000000
=AVERAGE(235949434,237184782,232505746,237715490,234529276)/3700000000
=AVERAGE(282449324,283886012,281025046,282475246,279858056)/3700000000
=AVERAGE(318295114,319935998,319434798,318712690,320644620)/3700000000
=AVERAGE(355652750,355318832,353722206,354168190,354144202)/3700000000
=AVERAGE(387271816,385705866,385603630,387619306,386831390)/3700000000
=AVERAGE(417798798,417856764,418878272,418059358,418208642)/3700000000
=AVERAGE(450059240,449456116,449853952,450474848,448969340)/3700000000
=AVERAGE(479615478,479693288,479999568,479984020,480321312)/3700000000
=AVERAGE(509927570,510925386,510029422,510059586,511085668)/3700000000
=AVERAGE(539714552,540117756,540062468,540771958,540067654)/3700000000
=AVERAGE(569710084,571071060,569727504,570063450,570363838)/3700000000
=AVERAGE(600575694,599272306,599798130,600532474,599195180)/3700000000
=AVERAGE(630494322,628294860,629223390,629302398,629852630)/3700000000
=AVERAGE(658073156,658957582,659336214,658126678,659537684)/3700000000
=AVERAGE(688951940,688301134,689127644,687668834,688367464)/3700000000
=AVERAGE(718127064,718112000,717950638,717980446,718554892)/3700000000
=AVERAGE(747748892,746876070,747405710,746173478,748225492)/3700000000
=AVERAGE(776172738,776317454,777044244,776594866,777300024)/3700000000
=AVERAGE(805787120,805330408,806529652,805584664,804443740)/3700000000
=AVERAGE(834859308,834857594,834966600,834330892,834289418)/3700000000
=AVERAGE(864167588,863564844,863360574,864316840,864557732)/3700000000
=AVERAGE(893305394,892696808,892110418,893077578,893202772)/3700000000
=AVERAGE(922503376,921850444,920843342,920834286,922191310)/3700000000
=AVERAGE(951744338,951395750,951439864,950875946,951642942)/3700000000
=AVERAGE(980025708,980305484,979770314,980279352,979656988)/3700000000
=AVERAGE(1009554230,1009463528,1009337528,1009699982,1008920970)/3700000000
=AVERAGE(1038510070,1037841348,1037584998,1038555858,1038090586)/3700000000
