=AVERAGE(3065692,3062754,3064216,3079634,3073164)/3700000000
=AVERAGE(6139682,6144516,6135870,6139352,6152562)/3700000000
=AVERAGE(9215872,9203382,9525786,9202848,9228126)/3700000000
=AVERAGE(12273888,12268348,12268686,12284454,12290150)/3700000000
=AVERAGE(15361578,15762244,15532018,15341634,15359960)/3700000000
=AVERAGE(18420712,18407206,18429366,18466152,18456606)/3700000000
=AVERAGE(21464924,21481748,21467562,21550110,21477152)/3700000000
=AVERAGE(24565190,24767296,24974102,24544182,24551116)/3700000000
=AVERAGE(27638390,27612016,27698096,27628428,27622820)/3700000000
=AVERAGE(30686194,30686762,30681358,30694522,30669590)/3700000000
=AVERAGE(33742350,33799030,33795326,33753320,33747790)/3700000000
=AVERAGE(36973534,36818678,36824560,36826264,36835622)/3700000000
=AVERAGE(39968440,39876524,39906752,39907360,39955272)/3700000000
=AVERAGE(43102014,43081570,42961134,43082066,42965978)/3700000000
=AVERAGE(46001488,46142886,46023048,46025036,46081652)/3700000000
=AVERAGE(49166382,49089486,49088882,49266950,49215838)/3700000000
=AVERAGE(52261244,52249378,52180072,52605888,52194030)/3700000000
=AVERAGE(55486876,55243340,55483584,55298646,55255324)/3700000000
=AVERAGE(58602992,58313022,58578704,58329074,58283478)/3700000000
=AVERAGE(61363904,61426394,61394912,61522422,61437268)/3700000000
=AVERAGE(64393634,64430196,64422688,64416648,64429086)/3700000000
=AVERAGE(67496080,67521226,67511298,67454108,67509730)/3700000000
=AVERAGE(70609798,70570534,70523592,70582432,70562530)/3700000000
=AVERAGE(73633004,73598762,73801236,73747894,73654324)/3700000000
=AVERAGE(76775886,77104750,76737998,76831158,76696556)/3700000000
=AVERAGE(80057802,79812332,79848170,80219246,79826676)/3700000000
=AVERAGE(82880810,82842106,82836512,82895084,82851788)/3700000000
=AVERAGE(85992048,86199450,86015494,86149536,85940414)/3700000000
=AVERAGE(88999126,88983948,89043064,88996586,89044292)/3700000000
=AVERAGE(92134762,92196594,92214974,92129206,92203232)/3700000000
=AVERAGE(95166612,95792550,95056568,95118006,95239278)/3700000000
=AVERAGE(98208856,98287270,98246562,98269950,98161802)/3700000000
=AVERAGE(101226236,101260140,101257510,101244216,101906522)/3700000000
=AVERAGE(104417186,104313650,104313416,104332852,104353762)/3700000000
=AVERAGE(107474922,107443442,107697238,107656646,107426916)/3700000000
=AVERAGE(110529266,110555366,110599090,110625492,110631460)/3700000000
=AVERAGE(113632372,113565982,113847882,113641356,113582986)/3700000000
=AVERAGE(116707186,116853262,116680682,116646398,116730832)/3700000000
=AVERAGE(119954642,120046272,119662428,119721926,119748056)/3700000000
