=AVERAGE(3065726,3065706,3066842,3065054,3068868)*1000/3700000000
=AVERAGE(6128266,6126696,6129508,6129018,6130130)*1000/3700000000
=AVERAGE(9193266,9198612,9193872,9188818,9193324)*1000/3700000000
=AVERAGE(12255286,12259526,12255396,12346680,12259114)*1000/3700000000
=AVERAGE(15324044,15319336,15323950,15323412,15321090)*1000/3700000000
=AVERAGE(18386488,18387956,18384726,18380492,18378346)*1000/3700000000
=AVERAGE(21445862,21447400,21453302,21444888,21445428)*1000/3700000000
=AVERAGE(24504868,24504448,24506020,24513316,24514688)*1000/3700000000
=AVERAGE(27570842,27576246,27573214,27566274,27574838)*1000/3700000000
=AVERAGE(30639432,30631860,30636240,30636130,30639446)*1000/3700000000
=AVERAGE(33702148,33699336,33705430,33705582,33702112)*1000/3700000000
=AVERAGE(36760696,36761724,36751686,36762278,36760124)*1000/3700000000
=AVERAGE(39836328,39828776,39832156,39822102,39825522)*1000/3700000000
=AVERAGE(42893238,42887270,42890472,42894738,42890072)*1000/3700000000
=AVERAGE(45961034,45954064,45953442,45950946,45951992)*1000/3700000000
=AVERAGE(49016488,49014880,49017892,49016618,49018670)*1000/3700000000
=AVERAGE(52080348,52076642,52079082,52074542,52080332)*1000/3700000000
=AVERAGE(55144796,55141724,55139606,55144330,55137446)*1000/3700000000
=AVERAGE(58208688,58202908,58205950,58208050,58205468)*1000/3700000000
=AVERAGE(61267528,61270220,61273486,61273728,61273006)*1000/3700000000
=AVERAGE(64337848,64336464,64332056,64331834,64335160)*1000/3700000000
=AVERAGE(67397840,67455414,67398216,67398632,67393976)*1000/3700000000
=AVERAGE(70459014,70461644,70452586,70458504,70459874)*1000/3700000000
=AVERAGE(73572052,73521172,73521816,73520826,73518680)*1000/3700000000
=AVERAGE(76593312,76595042,76586764,76584894,76584450)*1000/3700000000
=AVERAGE(79646388,79648318,79652550,79651030,79644908)*1000/3700000000
=AVERAGE(82715248,82714482,82708880,82717834,82718984)*1000/3700000000
=AVERAGE(85768942,85774840,85783290,85767190,85778296)*1000/3700000000
=AVERAGE(88837480,88843734,88850208,88828500,88844346)*1000/3700000000
=AVERAGE(91908406,91897226,91896730,91915584,91899022)*1000/3700000000
=AVERAGE(94971874,94971530,94966764,94962984,94959716)*1000/3700000000
=AVERAGE(98026564,98017652,98023544,98033830,98031758)*1000/3700000000
=AVERAGE(101088646,101092134,101086110,101095734,101092852)*1000/3700000000
=AVERAGE(104162314,104150530,104139950,104158698,104161424)*1000/3700000000
=AVERAGE(107208118,107212392,107219532,107219882,107219162)*1000/3700000000
=AVERAGE(110276658,110281300,110289208,110280720,110282078)*1000/3700000000
=AVERAGE(113340920,113351398,113343994,113333788,113353232)*1000/3700000000
=AVERAGE(116412752,116410784,116410238,116409976,116408008)*1000/3700000000
=AVERAGE(119477108,119489696,119469606,119475190,119468738)*1000/3700000000
