=AVERAGE(3063964,3064250,3065832,3066970,3064788)*1000/3700000000
=AVERAGE(6128290,6128084,6132108,6128720,6130714)*1000/3700000000
=AVERAGE(9195776,9191220,9193344,9195572,9193184)*1000/3700000000
=AVERAGE(12256162,12254502,12260154,12257468,12259588)*1000/3700000000
=AVERAGE(15319124,15319500,15368210,15325292,15323068)*1000/3700000000
=AVERAGE(18381254,18391048,18383920,18383672,18382438)*1000/3700000000
=AVERAGE(21448664,21449492,21453046,21445418,21450990)*1000/3700000000
=AVERAGE(24507416,24503854,24504100,24502368,24501396)*1000/3700000000
=AVERAGE(27571944,27566440,27571656,27571498,27564946)*1000/3700000000
=AVERAGE(30627298,30621880,30626020,30626554,30636964)*1000/3700000000
=AVERAGE(33698016,33797344,33692972,33692616,33692906)*1000/3700000000
=AVERAGE(36761398,36755830,36753220,36750388,36763042)*1000/3700000000
=AVERAGE(39821796,39814274,39901102,39813104,39828804)*1000/3700000000
=AVERAGE(42891022,42881836,42886564,42880552,42881332)*1000/3700000000
=AVERAGE(46059138,45945158,45941140,45951508,45949098)*1000/3700000000
=AVERAGE(49014960,49008906,49007018,49007630,49016134)*1000/3700000000
=AVERAGE(52067156,52084090,52073154,52076172,52077604)*1000/3700000000
=AVERAGE(55132628,55138230,55129058,55137860,55133706)*1000/3700000000
=AVERAGE(58189836,58191966,58190686,58199014,58202514)*1000/3700000000
=AVERAGE(61248028,61263042,61249590,61331642,61258516)*1000/3700000000
=AVERAGE(64322026,64323362,64329694,64326090,64321808)*1000/3700000000
=AVERAGE(67386722,67374114,67586204,67383478,67384288)*1000/3700000000
=AVERAGE(70446460,70445292,70455286,70452458,70448402)*1000/3700000000
=AVERAGE(73503400,73512130,73520524,73510780,73513464)*1000/3700000000
=AVERAGE(76575740,76564874,76572844,76581312,76573066)*1000/3700000000
=AVERAGE(79649646,79642224,79639600,79633514,79634908)*1000/3700000000
=AVERAGE(82698124,82719076,82705606,82703958,82798906)*1000/3700000000
=AVERAGE(85763706,85747942,85768310,85752254,85769112)*1000/3700000000
=AVERAGE(88830316,88834372,88840820,88828672,88828074)*1000/3700000000
=AVERAGE(91881462,91880522,91879068,91885720,91891226)*1000/3700000000
=AVERAGE(94950444,94960104,94942160,94959088,94949070)*1000/3700000000
=AVERAGE(98015576,98007510,98005922,98030296,98011862)*1000/3700000000
=AVERAGE(101073382,101078722,101080408,101073220,101079994)*1000/3700000000
=AVERAGE(104129092,104128890,104138894,104145434,104151510)*1000/3700000000
=AVERAGE(107206654,107188086,107456004,107199850,107192092)*1000/3700000000
=AVERAGE(110263336,110266562,110272288,110252542,110262088)*1000/3700000000
=AVERAGE(113333636,113335292,113326114,113332744,113312840)*1000/3700000000
=AVERAGE(116378936,116401108,116399326,116390696,116399944)*1000/3700000000
=AVERAGE(119470582,119466286,119455972,119442040,119448214)*1000/3700000000
