=AVERAGE(3066296,3070612,3066548,3066088,3066798)/3700000000
=AVERAGE(6132418,6133474,6129372,6133392,6129932)/3700000000
=AVERAGE(9200128,9198978,9194474,9198452,9195346)/3700000000
=AVERAGE(12262156,12263502,12265046,12265162,12262090)/3700000000
=AVERAGE(15324350,15335046,15330472,15329114,15325316)/3700000000
=AVERAGE(18399720,18395514,18392256,18398704,18384658)/3700000000
=AVERAGE(21614492,21458632,21455802,21463712,21462222)/3700000000
=AVERAGE(24517508,24522360,24529344,24524936,24509718)/3700000000
=AVERAGE(27577516,27577492,27586826,27577688,27586110)/3700000000
=AVERAGE(30644866,30640374,30638256,30652302,30639914)/3700000000
=AVERAGE(33704074,33702796,33712604,33711142,33702780)/3700000000
=AVERAGE(36771398,36765398,36765482,36768698,36768768)/3700000000
=AVERAGE(39830624,39834258,39836402,39830806,39836134)/3700000000
=AVERAGE(43388360,42909036,42902530,43156128,42893728)/3700000000
=AVERAGE(45979684,46045288,45965598,45964858,45971634)/3700000000
=AVERAGE(49031436,49039646,49032738,49035170,49029194)/3700000000
=AVERAGE(52092448,52101622,52102170,52099286,52090226)/3700000000
=AVERAGE(55149248,55151596,55158532,55158430,55167918)/3700000000
=AVERAGE(58226932,58220396,58234614,58212444,58210280)/3700000000
=AVERAGE(61283116,61283040,61281472,61284376,61282274)/3700000000
=AVERAGE(64347902,64343256,64352004,64338402,64343200)/3700000000
=AVERAGE(67415214,67430278,67410692,67417692,67428372)/3700000000
=AVERAGE(70473152,70579526,70479566,70474956,70476200)/3700000000
=AVERAGE(73540022,73556002,73537934,73541974,73756678)/3700000000
=AVERAGE(76606616,76598732,76600024,76605414,76593552)/3700000000
=AVERAGE(79682788,79684502,79682068,79677342,79674424)/3700000000
=AVERAGE(82737306,82740294,82733534,82747648,82728810)/3700000000
=AVERAGE(85799688,85944512,85795530,85799308,85804828)/3700000000
=AVERAGE(88843442,88872512,88853476,88865848,88855272)/3700000000
=AVERAGE(91940804,91922450,91934320,91932198,91932428)/3700000000
=AVERAGE(94997302,94988990,94991002,94986950,94993470)/3700000000
=AVERAGE(98056686,98049734,98060232,98057134,98058000)/3700000000
=AVERAGE(101113500,101127792,101115688,101114352,101111568)/3700000000
=AVERAGE(104183750,104167114,104187922,104170624,104195644)/3700000000
=AVERAGE(107239518,107243894,108396436,107257672,107260360)/3700000000
=AVERAGE(110306788,110344860,110308934,110313844,110312766)/3700000000
=AVERAGE(113377568,113362092,113382692,113375268,113379822)/3700000000
=AVERAGE(116449342,116455156,116662742,116435886,116440176)/3700000000
=AVERAGE(119522746,119507220,119505016,119524750,119500490)/3700000000
