=AVERAGE(3065330,3062832,3063406,3063916,3064766)/3700000000
=AVERAGE(6124592,6129070,6124132,6124378,6124542)/3700000000
=AVERAGE(9189046,9188390,9190784,9190172,9189748)/3700000000
=AVERAGE(12261878,12256372,12249952,12255110,12253998)/3700000000
=AVERAGE(15314268,15312820,15313716,15313404,15412078)/3700000000
=AVERAGE(18378780,18378186,18386224,18378378,18375872)/3700000000
=AVERAGE(21441318,21446756,21442180,21442358,21440044)/3700000000
=AVERAGE(24499208,24502094,24504794,24502456,24496672)/3700000000
=AVERAGE(27563626,27562620,27566538,27569842,27563376)/3700000000
=AVERAGE(30628898,30628370,30623562,30630178,30627028)/3700000000
=AVERAGE(33690238,33686970,33687526,33686714,33690230)/3700000000
=AVERAGE(36757096,36756816,36754166,36753438,36761882)/3700000000
=AVERAGE(39813444,39815202,39819900,39815118,39815534)/3700000000
=AVERAGE(42878584,42876026,42870354,42882058,42878334)/3700000000
=AVERAGE(45936850,45934084,45939046,45945506,45944448)/3700000000
=AVERAGE(49003720,49008986,49007822,48999516,48995892)/3700000000
=AVERAGE(52061554,52070958,52061746,52066674,52070588)/3700000000
=AVERAGE(55125056,55125544,55127922,55125398,55126798)/3700000000
=AVERAGE(58180882,58191780,58185304,58187740,58180958)/3700000000
=AVERAGE(61247932,61250342,61261054,61251840,61252992)/3700000000
=AVERAGE(64305030,64311710,64314572,64314438,64313004)/3700000000
=AVERAGE(67377078,67374324,67384792,67380134,67371740)/3700000000
=AVERAGE(70448230,70438668,70438956,70436756,70443302)/3700000000
=AVERAGE(73504748,73504314,73501864,73559868,73517240)/3700000000
=AVERAGE(76568962,76576744,76575064,76565164,76570038)/3700000000
=AVERAGE(79634708,79630966,79624946,79630588,79633510)/3700000000
=AVERAGE(82686556,82690396,82698532,82684392,82693014)/3700000000
=AVERAGE(85759120,85746140,85750966,85744350,85753482)/3700000000
=AVERAGE(88829994,88820800,88818490,88826018,88823700)/3700000000
=AVERAGE(91881548,91881616,91876460,91877742,91880912)/3700000000
=AVERAGE(94938804,94939282,94939946,94934684,94943204)/3700000000
=AVERAGE(98000576,97998676,98009784,98003706,98008832)/3700000000
=AVERAGE(101070970,101060004,101063092,101068368,101065202)/3700000000
=AVERAGE(104130280,104121424,104126612,104131820,104125282)/3700000000
=AVERAGE(107192944,107187044,107178698,107183796,107197368)/3700000000
=AVERAGE(110252624,110250460,110250034,110251168,110251980)/3700000000
=AVERAGE(113315458,113309722,113319098,113320030,113301610)/3700000000
=AVERAGE(116373352,116371228,116369398,116377448,116385660)/3700000000
=AVERAGE(119440966,119440824,119441692,119439738,119441048)/3700000000
