=AVERAGE(3063114,3064648,3065736,3069434,3072980)*1000/3700000000
=AVERAGE(6130188,6154224,6126162,6128830,6187556)*1000/3700000000
=AVERAGE(9198060,9187366,9187396,9363924,9192490)*1000/3700000000
=AVERAGE(12280450,12262576,12478490,12253492,12250264)*1000/3700000000
=AVERAGE(15320980,15325206,15329740,15683512,15318726)*1000/3700000000
=AVERAGE(18397734,18424656,18381734,18663694,18388818)*1000/3700000000
=AVERAGE(21445340,21455538,21450908,21625804,21443714)*1000/3700000000
=AVERAGE(24715870,24542256,25073262,24515656,24835164)*1000/3700000000
=AVERAGE(27582560,27567538,27696070,27579228,27569398)*1000/3700000000
=AVERAGE(30632764,30635724,30634756,30807906,30630972)*1000/3700000000
=AVERAGE(34470006,33704546,33730102,33970528,33810220)*1000/3700000000
=AVERAGE(36761738,37365972,36765282,36759474,36769224)*1000/3700000000
=AVERAGE(39826002,39829894,40479856,39814380,39823900)*1000/3700000000
=AVERAGE(43013808,42885396,42886238,43677456,42885698)*1000/3700000000
=AVERAGE(45957652,46051854,45943006,45945248,46787830)*1000/3700000000
=AVERAGE(49026898,49012360,49142280,49032440,49049550)*1000/3700000000
=AVERAGE(52076910,52081058,53283834,52090016,52132006)*1000/3700000000
=AVERAGE(55383556,55177564,55123868,56342078,55147040)*1000/3700000000
=AVERAGE(58972752,58224144,58234998,58241372,58247878)*1000/3700000000
=AVERAGE(61650956,61328152,61277210,61269874,61276952)*1000/3700000000
=AVERAGE(64372096,64524018,64338866,65304178,64344996)*1000/3700000000
=AVERAGE(67395008,67626382,67398400,68120462,67397050)*1000/3700000000
=AVERAGE(71151934,70527102,70550858,72898876,70446972)*1000/3700000000
=AVERAGE(75293648,73515468,73569920,73797276,73526690)*1000/3700000000
=AVERAGE(76600726,76611540,77882456,76591246,76594726)*1000/3700000000
=AVERAGE(79654334,79629082,80665772,79634964,79687358)*1000/3700000000
=AVERAGE(82716074,82749156,82712396,82710360,83365246)*1000/3700000000
=AVERAGE(85822586,85783404,85778174,87172806,85776694)*1000/3700000000
=AVERAGE(90863734,88841330,88829422,89033136,89294554)*1000/3700000000
=AVERAGE(91888034,91935084,93548794,92369784,91906390)*1000/3700000000
=AVERAGE(94957334,96185590,94952522,94961238,97104716)*1000/3700000000
=AVERAGE(98029470,98418016,98036280,98015684,98488316)*1000/3700000000
=AVERAGE(101136836,101095730,101107198,103085506,101119162)*1000/3700000000
=AVERAGE(105542068,104669550,104153486,105446242,104221174)*1000/3700000000
=AVERAGE(107283592,107334720,107211194,109124124,107213242)*1000/3700000000
=AVERAGE(110934098,110296798,111420146,110292316,110690122)*1000/3700000000
=AVERAGE(113361958,115835892,113334502,113422500,115903608)*1000/3700000000
=AVERAGE(117649342,116395076,116398298,119094382,116404188)*1000/3700000000
=AVERAGE(119857810,119464972,122270240,119460582,119531886)*1000/3700000000
