=AVERAGE(241641520,241621322,241567742,241681592,241570844)*1000/3700000000
=AVERAGE(483169992,483293932,483194386,483150660,483196642)*1000/3700000000
=AVERAGE(724858306,724771778,724822116,724835540,724761378)*1000/3700000000
=AVERAGE(966459016,966229154,966428002,966428682,966157428)*1000/3700000000
=AVERAGE(1207905672,1207840750,1208040976,1207995794,1208012486)*1000/3700000000
=AVERAGE(1449506598,1449479492,1449460968,1449415064,1449470716)*1000/3700000000
=AVERAGE(1690982828,1691270178,1691183782,1691270424,1691095190)*1000/3700000000
=AVERAGE(1932928534,1932764310,1932704182,1932797024,1932521156)*1000/3700000000
=AVERAGE(2174358978,2174322352,2173991350,2174398070,2174006332)*1000/3700000000
=AVERAGE(2416133022,2415825336,2415899974,2415809516,2415904630)*1000/3700000000
=AVERAGE(2657157292,2657323126,2657459366,2657431398,2657422490)*1000/3700000000
=AVERAGE(2899219734,2898947164,2899316362,2898914144,2898904716)*1000/3700000000
=AVERAGE(3140798804,3140451554,3140666294,3140804168,3141013904)*1000/3700000000
=AVERAGE(3382432366,3381979354,3382254536,3382091428,3382064284)*1000/3700000000
=AVERAGE(3624001612,3623557694,3623865148,3624095750,3623550964)*1000/3700000000
=AVERAGE(3865735820,3864969012,3865268420,3865500268,3865341684)*1000/3700000000
=AVERAGE(4106922258,4107182104,4106930764,4107089082,4106860870)*1000/3700000000
=AVERAGE(4348603546,4348657274,4348742102,4348830240,4348512520)*1000/3700000000
=AVERAGE(4589948116,4590315218,4590659554,4590120898,4590261684)*1000/3700000000
=AVERAGE(4831965194,4831969544,4831597864,4831955804,4831574116)*1000/3700000000
=AVERAGE(5073251564,5073121490,5073449220,5073049758,5073218320)*1000/3700000000
=AVERAGE(5315159158,5315211868,5314896962,5314883058,5314786086)*1000/3700000000
=AVERAGE(5556516234,5556030728,5556583596,5556604474,5556074834)*1000/3700000000
=AVERAGE(5798395108,5798375252,5797962326,5797919940,5797840066)*1000/3700000000
=AVERAGE(6039889996,6039945226,6039990826,6039735902,6039651418)*1000/3700000000
=AVERAGE(6281402718,6281185134,6281754318,6281200032,6280668712)*1000/3700000000
=AVERAGE(6522927488,6522557608,6522815014,6522892488,6522667438)*1000/3700000000
=AVERAGE(6764316526,6764237362,6764267078,6763843854,6764457166)*1000/3700000000
=AVERAGE(7006248906,7006319572,7006252844,7006189916,7006009988)*1000/3700000000
=AVERAGE(7247256194,7247566160,7247477358,7247383766,7247586652)*1000/3700000000
=AVERAGE(7489335900,7489126618,7489147734,7489145646,7488769458)*1000/3700000000
=AVERAGE(7730677998,7730912406,7730595798,7730438530,7730606664)*1000/3700000000
=AVERAGE(7972081694,7972741374,7972463168,7972580222,7971985866)*1000/3700000000
=AVERAGE(8213708576,8213931438,8213624618,8213637512,8213560174)*1000/3700000000
=AVERAGE(8455725426,8455618866,8455270126,8455208528,8455827846)*1000/3700000000
=AVERAGE(8697485688,8696462594,8696548222,8697485256,8696942510)*1000/3700000000
=AVERAGE(8938546706,8938476210,8938231984,8938157248,8938650698)*1000/3700000000
=AVERAGE(9180161768,9180325658,9180101520,9180662664,9180512408)*1000/3700000000
=AVERAGE(9421462150,9422019858,9422099124,9421960024,9421627368)*1000/3700000000
