=AVERAGE(241641948,241636464,241611750,241643812,241590418)/3700000000
=AVERAGE(483184640,483283380,483169800,483286568,483191802)/3700000000
=AVERAGE(724718736,724749772,724883496,724668914,724870754)/3700000000
=AVERAGE(966289058,966325844,966469550,966316422,966276114)/3700000000
=AVERAGE(1207893394,1207807750,1207930758,1208059716,1207855508)/3700000000
=AVERAGE(1449411150,1449431212,1449620350,1449381742,1449554178)/3700000000
=AVERAGE(1691166516,1690951070,1691206478,1691151906,1691027336)/3700000000
=AVERAGE(1932850848,1932782254,1932565150,1932522384,1932687698)/3700000000
=AVERAGE(2174478412,2174466698,2174340472,2174182402,2174215544)/3700000000
=AVERAGE(2415522028,2415647966,2415869626,2416064958,2415987866)/3700000000
=AVERAGE(2657599704,2657420674,2657482082,2657547216,2657328296)/3700000000
=AVERAGE(2899144962,2899133332,2899055094,2899259374,2899150328)/3700000000
=AVERAGE(3140606922,3140457960,3140716310,3140984616,3140713914)/3700000000
=AVERAGE(3382552056,3382383520,3381892756,3382138766,3382425690)/3700000000
=AVERAGE(3623996392,3623627444,3623625212,3623603702,3623950832)/3700000000
=AVERAGE(3865055194,3865511090,3865390730,3865077748,3865393708)/3700000000
=AVERAGE(4107147390,4106866084,4107035726,4107100394,4106603322)/3700000000
=AVERAGE(4348392556,4348519578,4348549190,4348642716,4348561890)/3700000000
=AVERAGE(4590121322,4589955558,4589961130,4590250718,4590355534)/3700000000
=AVERAGE(4831536990,4831495568,4831327814,4831646014,4832142262)/3700000000
=AVERAGE(5073192022,5073230144,5073118798,5073323994,5073442614)/3700000000
=AVERAGE(5314900114,5314900640,5314372994,5315009926,5314471412)/3700000000
=AVERAGE(5556296762,5556217020,5556397202,5556479138,5556613912)/3700000000
=AVERAGE(5797760118,5797681792,5797999884,5797859220,5798211308)/3700000000
=AVERAGE(6039152898,6039715120,6039772060,6039377034,6039903400)/3700000000
=AVERAGE(6280947192,6281363844,6281032138,6281033690,6281127178)/3700000000
=AVERAGE(6522361798,6522804030,6522623224,6522828158,6523255400)/3700000000
=AVERAGE(6764117302,6764355162,6764611526,6764035824,6763994544)/3700000000
=AVERAGE(7005987422,7005832780,7005664260,7005564704,7005815704)/3700000000
=AVERAGE(7247356304,7247678176,7247659652,7247612624,7247393830)/3700000000
=AVERAGE(7489151004,7489555592,7489077920,7488817776,7489367634)/3700000000
=AVERAGE(7730580346,7730377150,7730610740,7730088870,7730579120)/3700000000
=AVERAGE(7972394196,7972231590,7971980134,7972294876,7972306068)/3700000000
=AVERAGE(8213669764,8213721420,8213790018,8213783398,8213501840)/3700000000
=AVERAGE(8455729096,8455674070,8455121636,8455410176,8455664996)/3700000000
=AVERAGE(8696805962,8696631714,8696986286,8697050448,8697284984)/3700000000
=AVERAGE(8938348190,8938622442,8938597944,8938453508,8938471484)/3700000000
=AVERAGE(9179774444,9179793764,9180296290,9179859222,9180415564)/3700000000
=AVERAGE(9421841336,9421637446,9421444566,9421659744,9421480158)/3700000000
