=AVERAGE(241569394,241709268,241739344,241803846,241656966)/3700000000
=AVERAGE(483252004,483251358,483307920,483302548,483330666)/3700000000
=AVERAGE(725060090,724970010,724908638,724932482,724825776)/3700000000
=AVERAGE(966534758,966654242,966505434,966540652,966508056)/3700000000
=AVERAGE(1207985790,1208118980,1208208684,1208289860,1208054548)/3700000000
=AVERAGE(1449671434,1449853020,1449694590,1449728202,1449692568)/3700000000
=AVERAGE(1691566188,1691304028,1691501876,1691352418,1691405392)/3700000000
=AVERAGE(1933136210,1932922228,1933009534,1932745088,1932974558)/3700000000
=AVERAGE(2174544542,2174407724,2174487570,2174627396,2174635838)/3700000000
=AVERAGE(2416249172,2416282446,2416185552,2416133850,2416455598)/3700000000
=AVERAGE(2657326526,2657605908,2657689624,2657696866,2657686626)/3700000000
=AVERAGE(2899366752,2899459766,2899362162,2899781296,2899512086)/3700000000
=AVERAGE(3140738710,3140922462,3140864334,3140952962,3140981186)/3700000000
=AVERAGE(3382495530,3382441308,3382793918,3382988512,3382828806)/3700000000
=AVERAGE(3623755696,3624190280,3624251784,3624542772,3624322862)/3700000000
=AVERAGE(3865956770,3866036824,3866159152,3866295450,3865981498)/3700000000
=AVERAGE(4107639216,4107447260,4107543372,4107897046,4107684244)/3700000000
=AVERAGE(4349071870,4349309044,4349180032,4349566646,4349056212)/3700000000
=AVERAGE(4591187750,4590926406,4590998416,4590877490,4590740756)/3700000000
=AVERAGE(4832517834,4832235300,4832787440,4832210322,4832427656)/3700000000
=AVERAGE(5073990580,5074137786,5074195714,5074167560,5073805500)/3700000000
=AVERAGE(5315844886,5316005848,5315623260,5315764038,5315641762)/3700000000
=AVERAGE(5557170668,5556891546,5557343830,5557457582,5557013614)/3700000000
=AVERAGE(5799015050,5799112540,5798810252,5798925148,5799045058)/3700000000
=AVERAGE(6040527950,6040533836,6040518274,6040325660,6040594916)/3700000000
=AVERAGE(6281954762,6282008134,6282134512,6282403470,6282236740)/3700000000
=AVERAGE(6523520288,6524183408,6523502242,6524086234,6523687576)/3700000000
=AVERAGE(6765782552,6765255968,6765491666,6765764196,6764976970)/3700000000
=AVERAGE(7006854590,7007146856,7006877898,7007049212,7006695920)/3700000000
=AVERAGE(7249035748,7248697490,7248767598,7248635444,7249359270)/3700000000
=AVERAGE(7490973642,7491241882,7490182082,7490445356,7490196876)/3700000000
=AVERAGE(7731998114,7732246132,7731676422,7731474688,7732385238)/3700000000
=AVERAGE(7973163786,7973709784,7973835318,7973860374,7973897852)/3700000000
=AVERAGE(8215826888,8215725540,8215791818,8215239940,8215694666)/3700000000
=AVERAGE(8457024340,8456833358,8456978140,8457130504,8456871228)/3700000000
=AVERAGE(8699240180,8698659818,8698767312,8698436498,8698347742)/3700000000
=AVERAGE(8940621244,8940113274,8940303572,8940099326,8939905792)/3700000000
=AVERAGE(9181760612,9181699786,9181649174,9182073752,9182047120)/3700000000
=AVERAGE(9424096784,9424980736,9424403874,9423678944,9424180892)/3700000000
