=MIN(241638196,241554812,241604964,241655394,241640822)*1000/3700000000
=MIN(483152528,483203364,483121226,483198068,483161824)*1000/3700000000
=MIN(724861552,724670704,724646922,724795974,724899894)*1000/3700000000
=MIN(966301590,966508364,966407412,966280182,966474522)*1000/3700000000
=MIN(1207925630,1207894038,1207955656,1207783452,1207930734)*1000/3700000000
=MIN(1449404494,1449221760,1449564436,1449641550,1449458502)*1000/3700000000
=MIN(1691013448,1691014130,1691165988,1690898186,1691450676)*1000/3700000000
=MIN(1932708562,1932671264,1932617336,1932587002,1932846806)*1000/3700000000
=MIN(2174450414,2174530750,2174176430,2174337098,2174268220)*1000/3700000000
=MIN(2415703072,2415772152,2415843892,2415748254,2415867516)*1000/3700000000
=MIN(2657705528,2657620566,2657375906,2657371690,2657479228)*1000/3700000000
=MIN(2899008728,2899103756,2899098490,2898946948,2898987060)*1000/3700000000
=MIN(3140947148,3140924378,3140472734,3140806266,3140660770)*1000/3700000000
=MIN(3382334042,3382128294,3381974272,3382108712,3382089894)*1000/3700000000
=MIN(3623890968,3623393292,3623825234,3623587036,3623866430)*1000/3700000000
=MIN(3865396750,3865317038,3865292650,3865350600,3865359248)*1000/3700000000
=MIN(4106567264,4106717214,4106806444,4107126904,4107087468)*1000/3700000000
=MIN(4348712984,4348399046,4348423274,4348704728,4348311266)*1000/3700000000
=MIN(4590078354,4589751752,4589846654,4590261438,4590340530)*1000/3700000000
=MIN(4832036794,4831901070,4832046260,4831791754,4832081276)*1000/3700000000
=MIN(5073542440,5073598618,5073399332,5073023348,5073188048)*1000/3700000000
=MIN(5314646888,5315047772,5314910550,5314707756,5314834760)*1000/3700000000
=MIN(5556641004,5556518298,5557176394,5556694026,5556794354)*1000/3700000000
=MIN(5798054260,5798030310,5798308386,5798103316,5797925598)*1000/3700000000
=MIN(6039802622,6039480464,6039844464,6040115752,6039937108)*1000/3700000000
=MIN(6281251472,6281274368,6280765392,6281011928,6280830532)*1000/3700000000
=MIN(6522929956,6522726158,6522796864,6522290490,6523151726)*1000/3700000000
=MIN(6764452092,6764290226,6764321660,6764202170,6764317570)*1000/3700000000
=MIN(7005607622,7005780084,7006150452,7005969322,7005658950)*1000/3700000000
=MIN(7247383844,7247374492,7247108906,7247286448,7247448112)*1000/3700000000
=MIN(7488904552,7489409570,7488620792,7489555314,7489216400)*1000/3700000000
=MIN(7730524958,7730469928,7730764812,7730293452,7730380094)*1000/3700000000
=MIN(7972528560,7972626528,7972126150,7972128424,7972068750)*1000/3700000000
=MIN(8213872292,8214015484,8213836534,8214024708,8213797026)*1000/3700000000
=MIN(8455265086,8455687318,8455506582,8454814670,8454836134)*1000/3700000000
=MIN(8697359560,8697559226,8697301342,8696888994,8697185622)*1000/3700000000
=MIN(8938073538,8938801668,8938327038,8938718460,8938406400)*1000/3700000000
=MIN(9180303054,9179436070,9179945150,9179934974,9180101334)*1000/3700000000
=MIN(9421631748,9422072034,9421815142,9421393472,9421736226)*1000/3700000000
