=AVERAGE(241919404,241924628,241883504,241960234,241892818)/3700000000
=AVERAGE(483734616,483912810,483870856,483908038,483927324)/3700000000
=AVERAGE(725402206,725682530,725840430,725741252,725440070)/3700000000
=AVERAGE(967784012,967349620,967314844,967465886,967382440)/3700000000
=AVERAGE(1209259744,1209203932,1209246572,1209449040,1209414550)/3700000000
=AVERAGE(1451148862,1451303700,1451264902,1451329750,1451315578)/3700000000
=AVERAGE(1692637700,1693198408,1693193032,1693265716,1693271572)/3700000000
=AVERAGE(1936604106,1935506426,1935530058,1935094064,1935439612)/3700000000
=AVERAGE(2176722834,2176966718,2176984104,2177123664,2177059548)/3700000000
=AVERAGE(2418687180,2418280534,2418259384,2418132254,2418283030)/3700000000
=AVERAGE(2660397404,2660804124,2661570110,2661937506,2661407314)/3700000000
=AVERAGE(2904167416,2903340938,2902707774,2903597984,2902294666)/3700000000
=AVERAGE(3145612766,3145098158,3145357112,3144882318,3144982352)/3700000000
=AVERAGE(3387486454,3387263394,3386645032,3387080050,3388455842)/3700000000
=AVERAGE(3629449838,3629133544,3629753836,3630394596,3629366274)/3700000000
=AVERAGE(3869675304,3869315906,3871191764,3871868542,3870418462)/3700000000
=AVERAGE(4112787552,4111556130,4111578786,4111227332,4112107594)/3700000000
=AVERAGE(4352342260,4352661108,4353810176,4353368834,4353445478)/3700000000
=AVERAGE(4594727532,4594487342,4594739218,4596282316,4596078970)/3700000000
=AVERAGE(4837589640,4836465138,4836313750,4838385592,4838645420)/3700000000
=AVERAGE(5080397490,5081971022,5080770902,5080002820,5078895330)/3700000000
=AVERAGE(5322685972,5322825302,5321950694,5320561924,5323582446)/3700000000
=AVERAGE(5563488910,5563995498,5564936772,5563837812,5564506252)/3700000000
=AVERAGE(5805021204,5805754636,5807005862,5804931440,5805605108)/3700000000
=AVERAGE(6046419792,6045775156,6047900426,6049815432,6047586462)/3700000000
=AVERAGE(6288547804,6289120804,6289093012,6290824510,6288981874)/3700000000
=AVERAGE(6531367446,6531341768,6530858138,6531680908,6532366670)/3700000000
=AVERAGE(6772483080,6773063222,6771964806,6772577024,6772316210)/3700000000
=AVERAGE(7014399932,7014408304,7014851062,7015075556,7014631764)/3700000000
=AVERAGE(7257090284,7257190790,7257980636,7258050452,7257643900)/3700000000
=AVERAGE(7498304676,7500811306,7498655238,7498753740,7499455182)/3700000000
=AVERAGE(7741558294,7740099148,7740808264,7742432354,7741131286)/3700000000
=AVERAGE(7982094958,7983371494,7983386064,7982332668,7981876382)/3700000000
=AVERAGE(8223791906,8223427076,8226109666,8228085516,8226460928)/3700000000
=AVERAGE(8471103138,8468803674,8466121866,8469179820,8469530744)/3700000000
=AVERAGE(8711894894,8711503558,8711599936,8711303770,8712228928)/3700000000
=AVERAGE(8954161196,8954178180,8954190774,8953287840,8954631550)/3700000000
=AVERAGE(9196414518,9197847668,9196499722,9192271480,9191540672)/3700000000
=AVERAGE(9436985078,9433263990,9433659598,9436930692,9435032208)/3700000000
