=AVERAGE(8481644,8463552,8484894,8474968,8470010)*1000/3700000000
=AVERAGE(17020136,17027362,16999308,17036628,17017570)*1000/3700000000
=AVERAGE(25576318,25562998,25598050,25584016,25614970)*1000/3700000000
=AVERAGE(34169610,34463736,34152564,35738052,34205726)*1000/3700000000
=AVERAGE(48541926,42781300,42914218,42795328,42858736)*1000/3700000000
=AVERAGE(65209114,66554006,65983094,65067008,64960260)*1000/3700000000
=AVERAGE(73792568,73702700,74375294,74791676,76873924)*1000/3700000000
=AVERAGE(83369476,83590644,83615250,83235634,83134628)*1000/3700000000
=AVERAGE(93182454,91836160,91874298,91832254,91829274)*1000/3700000000
=AVERAGE(100521480,101246628,122854036,102331636,101017926)*1000/3700000000
=AVERAGE(111717986,112269140,122648462,114876814,112403342)*1000/3700000000
=AVERAGE(233389414,166524284,228406758,152105784,176088972)*1000/3700000000
=AVERAGE(222792476,223563084,220233536,223880540,225154624)*1000/3700000000
=AVERAGE(272516558,274391658,285377960,273555276,273314704)*1000/3700000000
=AVERAGE(313044780,313470770,313011408,312549834,313028280)*1000/3700000000
=AVERAGE(348159654,348879962,347949738,350642222,348739772)*1000/3700000000
=AVERAGE(381950700,382033192,382798340,390471514,393275008)*1000/3700000000
=AVERAGE(413909840,414305702,413851998,414421356,414407886)*1000/3700000000
=AVERAGE(459065196,444876120,445193234,444863074,445765106)*1000/3700000000
=AVERAGE(484590938,487928392,475447350,476152648,475351724)*1000/3700000000
=AVERAGE(507436570,509141380,512380306,507446500,506269568)*1000/3700000000
=AVERAGE(535759522,536239060,536379692,544866650,544539406)*1000/3700000000
=AVERAGE(591120054,568219950,566202092,566241852,567692372)*1000/3700000000
=AVERAGE(594913090,595280922,597240468,604241066,598476240)*1000/3700000000
=AVERAGE(623928192,628778958,633344810,631829650,624338236)*1000/3700000000
=AVERAGE(654124788,654265312,655237884,662223760,662471848)*1000/3700000000
=AVERAGE(685598140,685023724,683320098,684440552,688203608)*1000/3700000000
=AVERAGE(712922174,721218428,726460010,712891852,712837188)*1000/3700000000
=AVERAGE(741824294,750555490,743761194,742630208,750987044)*1000/3700000000
=AVERAGE(770855290,771533250,778707930,772122924,771485684)*1000/3700000000
=AVERAGE(818017702,807340218,801102042,808698486,815575390)*1000/3700000000
=AVERAGE(862526222,836618446,836921818,829332544,836840466)*1000/3700000000
=AVERAGE(858248078,858129312,865636398,858547012,864057712)*1000/3700000000
=AVERAGE(887035116,895018282,888280394,887290306,894905064)*1000/3700000000
=AVERAGE(915698426,924414294,917253724,916562918,923590576)*1000/3700000000
=AVERAGE(945372378,952535552,953381210,945207350,952363208)*1000/3700000000
=AVERAGE(974144502,981664126,974255560,976897910,981766160)*1000/3700000000
=AVERAGE(1015957834,1010148026,1006238836,1013360566,1008161338)*1000/3700000000
=AVERAGE(1032111244,1039400114,1032070778,1040354796,1039619634)*1000/3700000000
