=AVERAGE(8470678,8477478,8474812,8454852,8470462)/3700000000
=AVERAGE(17003246,17032934,16990734,17031410,16992714)/3700000000
=AVERAGE(25576944,25606806,25685448,25560502,25549168)/3700000000
=AVERAGE(34226126,34227674,34121610,34231544,34174522)/3700000000
=AVERAGE(43318886,42811140,42934126,42860886,43001526)/3700000000
=AVERAGE(68320934,66128738,67213450,69042262,66624196)/3700000000
=AVERAGE(79200488,75661270,74672286,75657176,79629074)/3700000000
=AVERAGE(85032180,84897104,88813420,81818046,83534616)/3700000000
=AVERAGE(96327426,98739052,97209176,96298986,96086332)/3700000000
=AVERAGE(110974570,106913964,108602152,106793356,107786342)/3700000000
=AVERAGE(119532356,126280384,124857286,122737958,125224022)/3700000000
=AVERAGE(169518082,159595110,164905828,170194664,168866674)/3700000000
=AVERAGE(234596090,233139826,232976168,234758106,224611784)/3700000000
=AVERAGE(282010224,279301732,279953772,281949050,280248740)/3700000000
=AVERAGE(320497712,317262702,316836804,316057938,316391042)/3700000000
=AVERAGE(351783238,354438930,351906884,352841882,355453290)/3700000000
=AVERAGE(385866620,386505806,383593482,384472156,384790472)/3700000000
=AVERAGE(419409244,418874804,417222820,415708814,417034126)/3700000000
=AVERAGE(447449662,448710284,446801082,449141046,450225734)/3700000000
=AVERAGE(480207398,479760664,480014086,476897646,478252750)/3700000000
=AVERAGE(507278096,506828020,509742004,508120074,508672114)/3700000000
=AVERAGE(538793150,540363460,539362414,539842836,541070626)/3700000000
=AVERAGE(569774224,571166238,567688498,571364302,568029112)/3700000000
=AVERAGE(599702928,599790152,599889456,600703576,598547070)/3700000000
=AVERAGE(629694672,626186196,627637522,626754758,629624960)/3700000000
=AVERAGE(654183934,658397662,656028180,657486008,657039540)/3700000000
=AVERAGE(687718834,686803574,688573888,688790022,687187664)/3700000000
=AVERAGE(718043066,716465840,716424936,716826908,718494738)/3700000000
=AVERAGE(747231824,747412528,744350068,745887336,748083616)/3700000000
=AVERAGE(775211300,777485090,776451392,776301104,775166322)/3700000000
=AVERAGE(804275078,805405438,804921824,805642784,804326092)/3700000000
=AVERAGE(834662818,833827334,834052742,832786788,833215706)/3700000000
=AVERAGE(862976888,863833914,862216274,862565160,861061914)/3700000000
=AVERAGE(892561600,892734538,893724084,893179894,892501748)/3700000000
=AVERAGE(919979552,922621582,921562548,921013356,919284146)/3700000000
=AVERAGE(949918510,951385584,950240580,948672652,949201174)/3700000000
=AVERAGE(980408434,978939602,978566656,977938806,978768186)/3700000000
=AVERAGE(1008320742,1008815820,1004074854,1009682582,1008711834)/3700000000
=AVERAGE(1036978752,1037647118,1035708914,1038887794,1037017158)/3700000000
