=AVERAGE(241577708,241676500,241636432,241642350,241672928)*1000/3700000000
=AVERAGE(483313428,483340920,483361218,483306082,483283914)*1000/3700000000
=AVERAGE(725078536,725037256,724891828,725128760,725027086)*1000/3700000000
=AVERAGE(966575946,966591990,966596626,966442630,966671744)*1000/3700000000
=AVERAGE(1208560152,1208170774,1208353002,1208357838,1208153838)*1000/3700000000
=AVERAGE(1449882804,1449724480,1449884754,1449558626,1449796274)*1000/3700000000
=AVERAGE(1691377708,1691311040,1691550008,1691265222,1691121290)*1000/3700000000
=AVERAGE(1933125138,1933245660,1937210686,1932830428,1932826256)*1000/3700000000
=AVERAGE(2174515718,2174774766,2174712738,2174464168,2174471316)*1000/3700000000
=AVERAGE(2416545842,2416331710,2416293766,2416075842,2416134682)*1000/3700000000
=AVERAGE(2658002932,2657811724,2657795822,2657600230,2657990926)*1000/3700000000
=AVERAGE(2899428536,2899328138,2899649086,2899739802,2899179462)*1000/3700000000
=AVERAGE(3140901996,3141645764,3140998082,3141276570,3141093688)*1000/3700000000
=AVERAGE(3382614806,3382740402,3382894074,3382910464,3382667750)*1000/3700000000
=AVERAGE(3624317200,3624258540,3624368880,3624188860,3624279784)*1000/3700000000
=AVERAGE(3865890814,3866001542,3865628764,3866037502,3865623806)*1000/3700000000
=AVERAGE(4107913772,4107839508,4116083586,4107596888,4107202632)*1000/3700000000
=AVERAGE(4348999404,4349456002,4349531870,4349122444,4349465128)*1000/3700000000
=AVERAGE(4590675934,4590716742,4590750096,4591027474,4590971166)*1000/3700000000
=AVERAGE(4832286668,4832547236,4832400768,4832676016,4832295292)*1000/3700000000
=AVERAGE(5074084430,5074155222,5073971154,5074477164,5074015732)*1000/3700000000
=AVERAGE(5315535320,5315723810,5316286514,5315624018,5315910820)*1000/3700000000
=AVERAGE(5556759094,5557458208,5557349076,5557089982,5557326996)*1000/3700000000
=AVERAGE(5799038572,5798431460,5806949354,5799232132,5798738826)*1000/3700000000
=AVERAGE(6039935430,6040199994,6040425622,6040858496,6041085458)*1000/3700000000
=AVERAGE(6282962004,6282533304,6282452026,6282452580,6281758640)*1000/3700000000
=AVERAGE(6523891886,6523941902,6523866586,6524161286,6523958888)*1000/3700000000
=AVERAGE(6765612634,6765368612,6765469100,6765616624,6765470576)*1000/3700000000
=AVERAGE(7007859858,7007126586,7006768928,7007026620,7007180958)*1000/3700000000
=AVERAGE(7248605400,7248991050,7248266304,7248519034,7248742620)*1000/3700000000
=AVERAGE(7490312834,7490714752,7490330134,7489853796,7489949100)*1000/3700000000
=AVERAGE(7731657264,7732230660,7732402134,7731615816,7731772484)*1000/3700000000
=AVERAGE(7973814440,7973965558,7973473124,7973081280,7973511228)*1000/3700000000
=AVERAGE(8215115652,8215508770,8214966868,8215169484,8214693580)*1000/3700000000
=AVERAGE(8457305542,8457018550,8457078466,8456627066,8457022204)*1000/3700000000
=AVERAGE(8697848152,8698741894,8698479438,8698425906,8698223662)*1000/3700000000
=AVERAGE(8940115174,8939902398,8939796122,8941098408,8940049942)*1000/3700000000
=AVERAGE(9181472156,9181498112,9182067282,9182143022,9182246192)*1000/3700000000
=AVERAGE(9423077120,9423515356,9423427062,9423717338,9423602560)*1000/3700000000
