=AVERAGE(241652252,241556020,241610160,241647616,241595200)/3700000000
=AVERAGE(483103318,483295108,483269598,483232004,483162918)/3700000000
=AVERAGE(724830370,724723674,724942294,724723656,724828794)/3700000000
=AVERAGE(966412452,966380056,966467192,966354302,966367754)/3700000000
=AVERAGE(1208014120,1208016054,1207960342,1208000158,1207989914)/3700000000
=AVERAGE(1449383692,1449493868,1449494014,1449278088,1449492446)/3700000000
=AVERAGE(1691075542,1690910522,1690982678,1691071320,1691040270)/3700000000
=AVERAGE(1932726454,1932763530,1932785960,1932605854,1932712918)/3700000000
=AVERAGE(2174075932,2174276114,2174250080,2174387200,2174125158)/3700000000
=AVERAGE(2415881498,2415719312,2415741684,2415808686,2415990942)/3700000000
=AVERAGE(2657512142,2657340674,2657233242,2657496554,2657522600)/3700000000
=AVERAGE(2898830212,2898883956,2898993928,2898938044,2899433844)/3700000000
=AVERAGE(3140703744,3140527190,3140524154,3140700114,3140562610)/3700000000
=AVERAGE(3381965626,3382194096,3382075190,3381935400,3382206460)/3700000000
=AVERAGE(3623561720,3623692508,3623782822,3624216840,3623748760)/3700000000
=AVERAGE(3865281662,3865166490,3865157210,3865213244,3865331426)/3700000000
=AVERAGE(4106780542,4107215472,4106792066,4106827874,4107025210)/3700000000
=AVERAGE(4348830470,4348686330,4348660012,4348402464,4348408940)/3700000000
=AVERAGE(4590126238,4590201904,4589791168,4589982252,4589914484)/3700000000
=AVERAGE(4831500562,4831869858,4831299550,4831558982,4831582398)/3700000000
=AVERAGE(5072883058,5072851544,5073171124,5073195658,5073020822)/3700000000
=AVERAGE(5314884616,5314908898,5315025924,5315228984,5314990604)/3700000000
=AVERAGE(5556244246,5556660538,5556372330,5556220986,5556301512)/3700000000
=AVERAGE(5797762514,5797708250,5798135992,5798114078,5798040258)/3700000000
=AVERAGE(6039136776,6039865920,6039396212,6039615430,6039631292)/3700000000
=AVERAGE(6280706268,6280826856,6281544114,6281418628,6280930110)/3700000000
=AVERAGE(6522701284,6522807692,6522918166,6522450062,6523074830)/3700000000
=AVERAGE(6764462600,6764394796,6764598418,6764114808,6764261322)/3700000000
=AVERAGE(7005988820,7005563496,7005771572,7005573050,7005691736)/3700000000
=AVERAGE(7247297150,7247753508,7247178294,7246727798,7247532538)/3700000000
=AVERAGE(7489096494,7488881584,7488954380,7488824718,7488912510)/3700000000
=AVERAGE(7730419850,7730348950,7730279380,7730196088,7730473684)/3700000000
=AVERAGE(7971802848,7971862746,7972102730,7971817092,7971894062)/3700000000
=AVERAGE(8213480860,8213162556,8213917592,8213806752,8213995358)/3700000000
=AVERAGE(8455191136,8455542498,8455220304,8454908616,8454966028)/3700000000
=AVERAGE(8696955292,8696884850,8697262908,8696932630,8697070668)/3700000000
=AVERAGE(8938191152,8938400636,8938574890,8938882300,8938441710)/3700000000
=AVERAGE(9180031070,9180364538,9180263248,9179633206,9179964418)/3700000000
=AVERAGE(9421557976,9421681236,9421263862,9421791240,9421756370)/3700000000
