=AVERAGE(3062604,3065070,3065136,3066410,3066524)/3700000000
=AVERAGE(6130498,6131738,6130946,6127802,6131880)/3700000000
=AVERAGE(9190032,9198276,9196662,9195874,9197510)/3700000000
=AVERAGE(12254766,12257594,12254844,12259350,12257750)/3700000000
=AVERAGE(15323826,15322262,15320426,15318612,15324630)/3700000000
=AVERAGE(18387752,18387816,18384048,18386964,18385314)/3700000000
=AVERAGE(21449828,21451688,21450482,21451940,21453218)/3700000000
=AVERAGE(24514852,24512712,24515784,24521402,24519622)/3700000000
=AVERAGE(27578462,27580066,27579336,27576396,27581446)/3700000000
=AVERAGE(30643512,30643804,30642526,30640208,30649524)/3700000000
=AVERAGE(33710516,33705484,33713018,33715026,33701712)/3700000000
=AVERAGE(36773226,36770798,36765758,36792118,36774502)/3700000000
=AVERAGE(39837538,39850428,39837282,39835326,39834682)/3700000000
=AVERAGE(42902802,42901434,42913100,42899734,42904450)/3700000000
=AVERAGE(45965718,45960716,45967504,45968454,45959484)/3700000000
=AVERAGE(49027564,49032494,49032658,49026636,49039090)/3700000000
=AVERAGE(52098122,52099894,52088986,52098084,52088168)/3700000000
=AVERAGE(55160652,55163840,55159938,55162286,55159904)/3700000000
=AVERAGE(58226410,58225036,58214370,58216966,58222598)/3700000000
=AVERAGE(61284354,61290872,61285060,61285900,61279270)/3700000000
=AVERAGE(64347338,64363046,64356340,64356938,64348872)/3700000000
=AVERAGE(67416010,67417708,67414912,67418888,67453980)/3700000000
=AVERAGE(70476754,70477612,70476358,70725514,70471316)/3700000000
=AVERAGE(73543646,73535722,73545308,73554806,73539176)/3700000000
=AVERAGE(76609430,76606104,76611204,76610428,76695558)/3700000000
=AVERAGE(79667866,79663924,79888230,79840448,79671266)/3700000000
=AVERAGE(82735550,82735330,82748272,82732254,82734612)/3700000000
=AVERAGE(85799336,85798800,85798206,85796826,85871642)/3700000000
=AVERAGE(88861278,88867688,88859928,88873848,88859442)/3700000000
=AVERAGE(91963926,91931686,91918236,91924918,91919420)/3700000000
=AVERAGE(94997238,94982218,95000358,94990208,94986886)/3700000000
=AVERAGE(98064336,98046028,98055048,98058110,98059668)/3700000000
=AVERAGE(101125384,101128922,101119902,101128508,101122426)/3700000000
=AVERAGE(104380508,104184316,104182476,104183802,104187842)/3700000000
=AVERAGE(107243772,107250530,107243186,107247652,107260176)/3700000000
=AVERAGE(110317774,110303844,110313366,110321564,110319014)/3700000000
=AVERAGE(113381592,113541666,113374170,113374494,113380616)/3700000000
=AVERAGE(116512254,116448548,116443312,116457258,116431408)/3700000000
=AVERAGE(119499036,119501392,119768894,119510336,119510632)/3700000000
