=AVERAGE(3066626,3066276,3067616,3062798,3067300)/3700000000
=AVERAGE(6131554,6130148,6134586,6133568,6133896)/3700000000
=AVERAGE(9197454,9199282,9193998,9199534,9195484)/3700000000
=AVERAGE(12262404,12267032,12257588,12263770,12264744)/3700000000
=AVERAGE(15334680,15330648,15327134,15328876,15334148)/3700000000
=AVERAGE(18401352,18394724,18416256,18396630,18393000)/3700000000
=AVERAGE(21460418,21562446,21464888,21461644,21458882)/3700000000
=AVERAGE(24529522,24525056,24527268,24529088,24522500)/3700000000
=AVERAGE(27595328,27590466,27598542,27596172,27593272)/3700000000
=AVERAGE(30656428,30656018,30663274,30662738,30658132)/3700000000
=AVERAGE(33729500,33727820,33728912,33723310,33720680)/3700000000
=AVERAGE(36785876,36793996,36792382,36786828,36795360)/3700000000
=AVERAGE(39854226,39859558,39852472,39859894,39860432)/3700000000
=AVERAGE(42923396,42916700,42919184,42916798,42944806)/3700000000
=AVERAGE(46007578,45996796,46340354,45990904,45992570)/3700000000
=AVERAGE(49073324,49051706,49051738,49072580,49054530)/3700000000
=AVERAGE(52120506,52116948,52117066,52112080,52115742)/3700000000
=AVERAGE(55186946,55184482,55189818,55190830,55187976)/3700000000
=AVERAGE(58249802,58244154,58246504,58244814,58250404)/3700000000
=AVERAGE(61321160,61321388,61319954,61319004,61327878)/3700000000
=AVERAGE(64392132,64385772,64383978,64380970,64390698)/3700000000
=AVERAGE(67448884,67441144,67450298,67443834,67442538)/3700000000
=AVERAGE(70557594,70520814,70520382,70513990,70515360)/3700000000
=AVERAGE(73577506,73574530,73580620,73585938,73576446)/3700000000
=AVERAGE(76650998,76679908,76639304,76639470,76646246)/3700000000
=AVERAGE(79708866,79712030,79717074,79710872,79712812)/3700000000
=AVERAGE(82769908,82785384,82774146,82782694,82782696)/3700000000
=AVERAGE(85847040,85844432,85837932,85842478,85846684)/3700000000
=AVERAGE(88962094,88992094,88911896,88912124,88914352)/3700000000
=AVERAGE(91981534,91970210,91975102,91977310,91974658)/3700000000
=AVERAGE(95033928,95039258,95034424,95041380,95032276)/3700000000
=AVERAGE(98125716,98137626,98100338,98146496,98108600)/3700000000
=AVERAGE(101168824,101170466,101164356,101171860,101320818)/3700000000
=AVERAGE(104237854,104236152,104239982,104237472,104232936)/3700000000
=AVERAGE(107298156,107300838,107295346,107302816,107297472)/3700000000
=AVERAGE(110368734,110367588,110372556,110361472,110361428)/3700000000
=AVERAGE(113437494,113433242,113434698,113426524,113433390)/3700000000
=AVERAGE(116501336,116494870,116497434,116502182,116504954)/3700000000
=AVERAGE(119566212,119569436,119559450,119562046,119569088)/3700000000
