=AVERAGE(8495436,8848628,8506784,8547232,9087682)/3700000000
=AVERAGE(17124340,19204508,17067000,17072928,17148136)/3700000000
=AVERAGE(25807214,35371580,25639596,25817454,28116074)/3700000000
=AVERAGE(146401988,34837708,34098848,36941220,34408042)/3700000000
=AVERAGE(47860156,42969702,65459836,50995588,58505934)/3700000000
=AVERAGE(88522390,262910342,88566568,261844148,88266348)/3700000000
=AVERAGE(80975248,104986450,83667698,103406110,92765768)/3700000000
=AVERAGE(123080466,324759036,124008888,367631054,122563940)/3700000000
=AVERAGE(407481814,143039560,143540802,242076186,148009260)/3700000000
=AVERAGE(468884546,175661250,175421042,272104190,170421302)/3700000000
=AVERAGE(477061272,220290768,175640624,305014724,212800198)/3700000000
=AVERAGE(489486290,285079648,219245002,558606188,281376284)/3700000000
=AVERAGE(580331448,305306774,308139634,651225106,309087212)/3700000000
=AVERAGE(454145062,396584294,345761284,374710208,340129238)/3700000000
=AVERAGE(400265264,380156422,377959556,488927576,366826236)/3700000000
=AVERAGE(441863364,395361920,682822252,406843692,525547840)/3700000000
=AVERAGE(437135562,758738884,441384932,404314558,526796802)/3700000000
=AVERAGE(446999292,533242716,492844304,561083944,472419092)/3700000000
=AVERAGE(620610152,507542952,981344772,503194886,617021412)/3700000000
=AVERAGE(542617726,889758090,529895152,509973288,648588400)/3700000000
=AVERAGE(545639866,690757576,569558648,990094798,561665118)/3700000000
=AVERAGE(707416088,650055546,547487628,810946436,602804542)/3700000000
=AVERAGE(624940742,616692646,625459060,632304110,791927490)/3700000000
=AVERAGE(1236117258,664113862,611719642,692429738,664369372)/3700000000
=AVERAGE(712765624,646093882,780339036,696998974,1259108598)/3700000000
=AVERAGE(1249927844,727664264,912321912,729661654,692554086)/3700000000
=AVERAGE(783735070,996433144,746666250,1385872292,766491032)/3700000000
=AVERAGE(792425586,837611948,791689296,915163316,796156860)/3700000000
=AVERAGE(1074012986,832927080,1036724184,820833324,858424526)/3700000000
=AVERAGE(1521275510,850899050,1435635410,848333124,1544691528)/3700000000
=AVERAGE(1357759902,876687756,1383691672,880765364,923173816)/3700000000
=AVERAGE(925074136,913910282,876968978,926426696,1188358430)/3700000000
=AVERAGE(900833884,976654972,899157066,949690710,943822750)/3700000000
=AVERAGE(945657548,1094285910,959038754,1037944844,948737888)/3700000000
=AVERAGE(988696174,1234494656,1018952514,1118818910,1005769028)/3700000000
=AVERAGE(1045249154,1229530870,1210961582,1030260494,1476931270)/3700000000
=AVERAGE(1396246956,1067560702,1333963920,1061124546,1755390528)/3700000000
=AVERAGE(1940632522,1112887070,1116320724,1256230664,1092665010)/3700000000
=AVERAGE(1138125086,1486016880,1123043932,2016423984,1142231104)/3700000000
