=AVERAGE(8473584,8480204,8466112,8467786,8459242)/3700000000
=AVERAGE(17037170,17020018,17002660,16968750,16978526)/3700000000
=AVERAGE(25560260,25608692,25534952,25542982,25528946)/3700000000
=AVERAGE(34139444,34093372,34190786,34169160,34148444)/3700000000
=AVERAGE(42919000,42796200,43058096,43053850,42902666)/3700000000
=AVERAGE(67544668,67644978,67234802,66564300,64263802)/3700000000
=AVERAGE(76737792,74454030,76898464,77288664,77570120)/3700000000
=AVERAGE(84632330,87587038,83776536,84392362,82985640)/3700000000
=AVERAGE(92990210,94985080,94287502,95030370,95320522)/3700000000
=AVERAGE(104203740,105828712,106328648,106819452,106508064)/3700000000
=AVERAGE(123130982,117186294,124977080,126279706,128054080)/3700000000
=AVERAGE(166283292,166001436,166360198,170657548,169636172)/3700000000
=AVERAGE(233239514,232082096,228045406,234230244,237006638)/3700000000
=AVERAGE(275367962,274548144,279580434,279416732,278506124)/3700000000
=AVERAGE(316871014,316277462,319989376,320007280,319732280)/3700000000
=AVERAGE(355819198,353335646,351005484,352654766,351495222)/3700000000
=AVERAGE(384777884,385955036,384148662,384844262,385048012)/3700000000
=AVERAGE(417264930,415904108,418194996,419860930,418884410)/3700000000
=AVERAGE(449080204,448254404,446810462,446139992,447658972)/3700000000
=AVERAGE(478776312,477943558,476688982,477516580,477931040)/3700000000
=AVERAGE(509111202,507538262,509558922,508951512,509876556)/3700000000
=AVERAGE(540955030,541918836,540207588,541254358,539398974)/3700000000
=AVERAGE(568354486,568494006,567889880,567970168,567780226)/3700000000
=AVERAGE(600220544,599547880,597288622,598609302,597091146)/3700000000
=AVERAGE(626531330,627134642,626597570,627574718,627280386)/3700000000
=AVERAGE(659098414,658031066,656827458,656117032,656223158)/3700000000
=AVERAGE(686902454,685713572,686119350,689019762,688983130)/3700000000
=AVERAGE(715251690,715577894,715926302,717006108,715810194)/3700000000
=AVERAGE(744537990,744649508,743676258,745830518,744332970)/3700000000
=AVERAGE(771938694,774367682,773122766,774188304,773757196)/3700000000
=AVERAGE(805202920,803510622,803646490,802697934,803114380)/3700000000
=AVERAGE(832404790,831543546,832375800,832112220,831679544)/3700000000
=AVERAGE(865359210,862768612,861392792,861525686,861077192)/3700000000
=AVERAGE(893745094,892266216,889844616,890565900,889297450)/3700000000
=AVERAGE(922776792,922215944,919848222,917357196,918557828)/3700000000
=AVERAGE(949670048,948082056,947589826,948034224,947900906)/3700000000
=AVERAGE(977818680,976100906,976694022,976519898,975595914)/3700000000
=AVERAGE(1006687430,1006985866,1006645772,1007698216,1010419900)/3700000000
=AVERAGE(1039935790,1039085822,1039758958,1034455884,1035576328)/3700000000
