=AVERAGE(241697800,241785162,241658904,241665532,241713434)*1000/3700000000
=AVERAGE(485730744,483354150,484284600,483311284,483432036)*1000/3700000000
=AVERAGE(724906130,728280920,725042996,725554092,727501488)*1000/3700000000
=AVERAGE(970987560,966845920,966488556,970939432,966587648)*1000/3700000000
=AVERAGE(1212940268,1210479686,1208252324,1208036968,1212987546)*1000/3700000000
=AVERAGE(1449879312,1449786472,1453216712,1456102424,1451824358)*1000/3700000000
=AVERAGE(1691620952,1691641834,1691409094,1694427380,1697525344)*1000/3700000000
=AVERAGE(1939922940,1940886656,1940628956,1940534818,1940493284)*1000/3700000000
=AVERAGE(2182825148,2180122266,2174815088,2174677322,2178024906)*1000/3700000000
=AVERAGE(2417467716,2424318604,2424301514,2418960434,2416360766)*1000/3700000000
=AVERAGE(2658102836,2657917934,2658477088,2658954086,2663961472)*1000/3700000000
=AVERAGE(2900669678,2904929556,2902823196,2899814120,2899457716)*1000/3700000000
=AVERAGE(3145087330,3144291350,3144005704,3143549792,3143720682)*1000/3700000000
=AVERAGE(3390883898,3390519298,3390973424,3390366816,3390399608)*1000/3700000000
=AVERAGE(3630903536,3630471526,3631645070,3632315548,3632235034)*1000/3700000000
=AVERAGE(3866625364,3874364178,3872549346,3873176522,3873945256)*1000/3700000000
=AVERAGE(4109516554,4114106942,4115820966,4115012846,4115139346)*1000/3700000000
=AVERAGE(4349769924,4350745758,4354193820,4356110840,4355925408)*1000/3700000000
=AVERAGE(4599082680,4592512634,4597492954,4599137470,4598992060)*1000/3700000000
=AVERAGE(4840799250,4840392828,4840245204,4834079704,4840638982)*1000/3700000000
=AVERAGE(5081899380,5076657482,5082201312,5082541380,5081931654)*1000/3700000000
=AVERAGE(5323650540,5323280910,5319491462,5323399464,5323674020)*1000/3700000000
=AVERAGE(5565554670,5565528602,5563213522,5565987300,5564644210)*1000/3700000000
=AVERAGE(5807028370,5806664326,5807426368,5807272780,5804881708)*1000/3700000000
=AVERAGE(6048668628,6049046222,6048858364,6048651918,6048967326)*1000/3700000000
=AVERAGE(6290390990,6290215650,6289995974,6289602332,6290423902)*1000/3700000000
=AVERAGE(6531766084,6532181016,6531527328,6532505154,6531622340)*1000/3700000000
=AVERAGE(6774180042,6773493430,6777909050,6773868170,6774628502)*1000/3700000000
=AVERAGE(7018407828,7015330862,7015606452,7016740780,7015248728)*1000/3700000000
=AVERAGE(7256552240,7259318748,7257377330,7256588402,7258990632)*1000/3700000000
=AVERAGE(7501801634,7498445572,7498530918,7502210048,7498362032)*1000/3700000000
=AVERAGE(7741396178,7740134582,7746121848,7740491712,7740701986)*1000/3700000000
=AVERAGE(7982840416,7981664496,7981905584,7988079944,7981871362)*1000/3700000000
=AVERAGE(8230073316,8223860748,8223159958,8223431750,8229467774)*1000/3700000000
=AVERAGE(8465087684,8466189412,8472802056,8471919062,8471351772)*1000/3700000000
=AVERAGE(8712286068,8714202648,8712507934,8709654094,8707100016)*1000/3700000000
=AVERAGE(8955039080,8953648766,8950483900,8948482014,8948464608)*1000/3700000000
=AVERAGE(9198014182,9193012342,9193122732,9189720562,9190427380)*1000/3700000000
=AVERAGE(9440334728,9438922034,9439177118,9439265228,9438763160)*1000/3700000000
