=AVERAGE(241594704,241621402,241643160,241587784,241553998)/3700000000
=AVERAGE(483165342,483236424,483221628,483276086,483202118)/3700000000
=AVERAGE(724661778,724757164,725007306,724840828,724706588)/3700000000
=AVERAGE(966309872,966394560,966409146,966332230,966358552)/3700000000
=AVERAGE(1208090910,1207842850,1208070758,1207969606,1208099224)/3700000000
=AVERAGE(1449348614,1449738696,1449612088,1449519628,1449767046)/3700000000
=AVERAGE(1691241228,1691190926,1690926572,1691254606,1691127750)/3700000000
=AVERAGE(1932547858,1932745032,1932869290,1932930122,1932629644)/3700000000
=AVERAGE(2174260478,2174460086,2174250036,2174445240,2174410182)/3700000000
=AVERAGE(2415890992,2416005466,2415735318,2415920270,2416021970)/3700000000
=AVERAGE(2657386236,2657596022,2657473802,2657671830,2657283374)/3700000000
=AVERAGE(2899081040,2899171598,2899371598,2899009548,2899076184)/3700000000
=AVERAGE(3140879826,3140951912,3140544338,3140734308,3140624700)/3700000000
=AVERAGE(3382400684,3382318628,3382028860,3382414800,3382431712)/3700000000
=AVERAGE(3623708204,3623606778,3623627690,3623634972,3624084048)/3700000000
=AVERAGE(3865650746,3865540308,3865516898,3865519768,3865613970)/3700000000
=AVERAGE(4106947642,4107169700,4106791720,4106987532,4107062282)/3700000000
=AVERAGE(4348911930,4348194810,4348944894,4348698788,4348439414)/3700000000
=AVERAGE(4590122104,4589886272,4590019248,4590531480,4590164162)/3700000000
=AVERAGE(4831805072,4831629370,4831502202,4831666278,4831813918)/3700000000
=AVERAGE(5073510012,5073277482,5073791372,5073292320,5072994670)/3700000000
=AVERAGE(5315120642,5314750242,5314858316,5315079902,5314471482)/3700000000
=AVERAGE(5556597974,5556287970,5556609990,5556469896,5556690594)/3700000000
=AVERAGE(5797757726,5797873710,5798054498,5797988850,5798362640)/3700000000
=AVERAGE(6039435196,6040006504,6039246826,6039444872,6039566916)/3700000000
=AVERAGE(6281553122,6281533394,6281414086,6281319684,6281434904)/3700000000
=AVERAGE(6522789972,6523325288,6523116742,6522650036,6522437822)/3700000000
=AVERAGE(6764333802,6764214640,6764564672,6764468638,6764736020)/3700000000
=AVERAGE(7006432488,7006531576,7006406714,7006419862,7006004580)/3700000000
=AVERAGE(7248082340,7247521460,7247729072,7247423452,7247740812)/3700000000
=AVERAGE(7489459798,7489316076,7489259628,7488655540,7489228388)/3700000000
=AVERAGE(7730765374,7730767348,7731160756,7730663742,7730995858)/3700000000
=AVERAGE(7972528908,7972046766,7972193386,7972828046,7972310154)/3700000000
=AVERAGE(8214095264,8213537236,8214077424,8213800352,8214190652)/3700000000
=AVERAGE(8455256970,8455606754,8455296810,8455245808,8455353468)/3700000000
=AVERAGE(8697460322,8696914094,8697171286,8698083444,8697288810)/3700000000
=AVERAGE(8939339010,8938684902,8938915886,8938476556,8938642392)/3700000000
=AVERAGE(9180053218,9180505306,9180304854,9180635704,9180372978)/3700000000
=AVERAGE(9421969576,9421584386,9422088484,9421956970,9421742358)/3700000000
