=AVERAGE(8541656,8529388,8545472,8588032,8518494)/3700000000
=AVERAGE(17127040,17117386,17168474,17669546,17058806)/3700000000
=AVERAGE(25967564,27334668,25934056,26323618,25808870)/3700000000
=AVERAGE(42852128,36386298,40077204,34862608,36429822)/3700000000
=AVERAGE(71792510,68180998,73069972,68369228,67990768)/3700000000
=AVERAGE(127159606,115870514,121596116,83454830,106785578)/3700000000
=AVERAGE(135253854,130757792,142667968,134612746,133162180)/3700000000
=AVERAGE(162944656,160367042,163253252,159223930,164337312)/3700000000
=AVERAGE(195372060,189235836,188703502,193246852,178167894)/3700000000
=AVERAGE(215547702,232898996,223044506,227490566,220489558)/3700000000
=AVERAGE(252335524,265363112,252113516,258692912,262753378)/3700000000
=AVERAGE(284923476,298361228,303283250,268603358,308617820)/3700000000
=AVERAGE(347896064,336218384,325354110,333951832,333553112)/3700000000
=AVERAGE(372340356,365473156,367773460,407372376,384153590)/3700000000
=AVERAGE(423622556,410429126,414821904,428921416,416356920)/3700000000
=AVERAGE(454508032,463673216,419142216,442119680,449292184)/3700000000
=AVERAGE(466990782,471948010,470094300,471168010,480654906)/3700000000
=AVERAGE(505715166,490512118,497760318,491431334,496968910)/3700000000
=AVERAGE(536679710,525357610,527480898,535866612,544020890)/3700000000
=AVERAGE(566868660,556061340,559448496,562266344,554093988)/3700000000
=AVERAGE(612645750,598216148,616811716,617595354,589449938)/3700000000
=AVERAGE(647044828,648412362,638253588,639448926,665536356)/3700000000
=AVERAGE(680324606,664412748,663052604,669635234,699607780)/3700000000
=AVERAGE(734394360,720379856,716881080,700333046,695132134)/3700000000
=AVERAGE(740903216,740863262,771288972,710347714,752301342)/3700000000
=AVERAGE(797899300,778320232,773320766,762339104,768666654)/3700000000
=AVERAGE(794194808,806837132,799556514,807186182,799890380)/3700000000
=AVERAGE(887671744,875721784,816663892,824518756,830680568)/3700000000
=AVERAGE(881114062,850841666,849251828,856343064,868256076)/3700000000
=AVERAGE(907236352,939206744,930199546,885472872,910535686)/3700000000
=AVERAGE(916925358,937669818,935460158,948675036,962254118)/3700000000
=AVERAGE(1003174950,949957818,963615960,993625054,957229890)/3700000000
=AVERAGE(982789380,976800532,980632122,971471288,962875382)/3700000000
=AVERAGE(1015962634,1017415418,1047729564,1049016076,1022409556)/3700000000
=AVERAGE(1072341980,1039810174,1070910672,1058328306,1065795412)/3700000000
=AVERAGE(1087989120,1122855548,1085418044,1052237192,1076750066)/3700000000
=AVERAGE(1122183054,1128271796,1097163146,1084524782,1086425884)/3700000000
=AVERAGE(1127193308,1105468786,1125514736,1127291750,1141624472)/3700000000
=AVERAGE(1178213192,1158536018,1160357174,1150732830,1156981050)/3700000000
