=AVERAGE(8463770,8465454,8474786,8474068,8470122)*1000/3700000000
=AVERAGE(17012320,16993130,16988910,17022700,17002706)*1000/3700000000
=AVERAGE(25567864,25546932,25557110,25607458,25549712)*1000/3700000000
=AVERAGE(34190248,34113772,34250334,34150488,34168122)*1000/3700000000
=AVERAGE(42899054,42955868,42902646,43077908,42858776)*1000/3700000000
=AVERAGE(68610570,67927680,67690068,67356118,67393572)*1000/3700000000
=AVERAGE(76987358,77752946,78784156,77533642,78383316)*1000/3700000000
=AVERAGE(87845092,86852366,89627668,89318504,87694402)*1000/3700000000
=AVERAGE(97892576,96562046,96867240,98110782,98307972)*1000/3700000000
=AVERAGE(104758072,107765940,112046368,108172916,106222122)*1000/3700000000
=AVERAGE(121902858,128822538,121507836,125427664,121310154)*1000/3700000000
=AVERAGE(176540166,171331760,170143054,173542602,169037370)*1000/3700000000
=AVERAGE(235758540,231475586,234930052,238816302,235983986)*1000/3700000000
=AVERAGE(283452714,285402780,283842372,282693150,284973934)*1000/3700000000
=AVERAGE(320095842,320048206,321245500,321787736,319598628)*1000/3700000000
=AVERAGE(354588442,353593426,355181696,354397494,355929002)*1000/3700000000
=AVERAGE(386758926,386784390,386984992,387354754,387775088)*1000/3700000000
=AVERAGE(418107466,419873870,419975784,419048000,417959324)*1000/3700000000
=AVERAGE(449237328,448946102,449844946,449016126,450376934)*1000/3700000000
=AVERAGE(478617090,480413658,479159522,480880816,480362730)*1000/3700000000
=AVERAGE(509260050,509864556,509362308,510607194,511165278)*1000/3700000000
=AVERAGE(540582654,540981982,539534974,540589658,540791378)*1000/3700000000
=AVERAGE(571667236,569902556,570346550,571170418,569799088)*1000/3700000000
=AVERAGE(600568074,599515134,599858046,600156676,601573910)*1000/3700000000
=AVERAGE(630265798,629313988,630555778,630414606,629767730)*1000/3700000000
=AVERAGE(658170668,659593712,660557888,659399442,658036436)*1000/3700000000
=AVERAGE(688525810,688210482,688465934,690352180,688763118)*1000/3700000000
=AVERAGE(717496790,718322828,717344186,718790260,718492150)*1000/3700000000
=AVERAGE(746633232,747957114,748980502,746505936,747741946)*1000/3700000000
=AVERAGE(777129528,777755782,776247612,775940786,776982952)*1000/3700000000
=AVERAGE(805610564,805047918,806744704,805785700,806721074)*1000/3700000000
=AVERAGE(835157890,834658976,835956694,835015600,835146502)*1000/3700000000
=AVERAGE(863715066,863988132,863973484,863817550,862886438)*1000/3700000000
=AVERAGE(892998992,892817948,893181376,894682994,894062730)*1000/3700000000
=AVERAGE(922389236,922264916,922495330,922888766,923495320)*1000/3700000000
=AVERAGE(951480952,951982078,950599786,952494554,950460520)*1000/3700000000
=AVERAGE(979973448,979337002,981496648,978734444,979174866)*1000/3700000000
=AVERAGE(1008871562,1009586488,1010247142,1010206338,1011018680)*1000/3700000000
=AVERAGE(1037414610,1038126936,1039092524,1038639712,1039459344)*1000/3700000000
